	-0.457152,1.470872,-0.158675,0.373272,0.325046,-0.997246,-0.603477,-0.013998,0.774690,-0.695822,
	0.450814,0.572474,-0.311547,0.332277,-1.680151,-0.446684,0.549071,-0.353612,0.859370,1.827860,
	-0.970192,0.537529,0.636143,0.503540,-2.198402,0.399845,1.813398,-0.137064,0.514433,-0.589775,
	-0.092700,1.140941,0.463670,-1.367686,-0.758565,-0.871422,0.027893,0.339178,-0.640015,0.572484,
	0.106877,0.864537,-1.090819,-0.473691,-1.998821,1.296417,0.634630,-0.542802,-0.856082,-1.326594,
	-1.361228,-0.726537,-0.850265,-0.871818,-0.196066,1.757624,-0.337901,3.413390,0.385294,-0.632774,
	2.091475,0.141666,0.965993,-0.636301,0.796115,0.462713,-2.003651,1.709031,-1.251890,1.626514,
	0.149214,0.803065,-0.349237,-0.301910,-1.441534,-0.245084,-1.051130,-0.321261,-1.966744,0.290660,
	0.893194,-0.585778,-0.635784,-0.996685,-0.437079,-0.511814,-0.185044,-0.675950,0.907755,0.441495,
	0.431066,0.597221,1.587694,0.419926,-1.028413,-0.744067,0.531700,1.064640,-0.185119,-0.423499,
	-1.020916,-1.874466,-0.896401,-1.200190,-1.525262,-0.981273,-0.482640,0.271718,-0.074744,-0.691764,
	-1.222549,1.691568,0.891478,0.323864,-0.430375,0.538611,-0.633710,-1.531300,0.984434,-0.936221,
	1.508235,1.056924,-1.081490,0.678231,0.596741,1.040912,0.031894,-0.949719,0.398099,1.583170,
	0.337853,-0.291641,-0.316307,0.904963,-0.268140,0.169991,-0.086489,2.311132,0.326441,0.822574,
	0.512999,0.512466,-1.940846,-1.824085,0.747300,0.451678,2.515926,-0.835385,0.166655,-0.272237,
	-0.174139,0.332291,0.483237,1.309279,-1.243840,0.621971,-0.803165,-1.039558,-1.687418,-1.912769,
	0.800662,0.940796,-0.052356,1.883194,-0.611567,1.027326,1.826337,-0.538310,2.749729,-0.766705,
	0.404255,0.125105,0.559976,-1.815704,-0.556531,-1.696847,0.058517,0.106936,0.219256,1.186231,
	-0.342410,-0.182886,0.902337,-0.450900,0.505533,0.702982,-0.061728,-0.788014,0.070793,-0.427487,
	0.507019,-1.238918,1.508447,2.236459,1.405450,-0.393639,0.476927,-1.399794,2.146876,0.413885,
	-1.222395,-1.425929,0.059856,0.462550,1.349994,1.281886,0.214978,0.039576,-0.243807,-0.880174,
	0.307526,2.172947,0.062432,-0.917204,0.104952,1.191885,0.607844,0.443186,-2.372076,1.449748,
	2.327243,2.429272,-0.561124,-0.743776,-0.054876,1.377833,1.257980,0.514307,1.309324,-0.052974,
	-0.804687,0.063796,-2.097783,-1.610331,-0.538864,1.553331,0.183084,-0.314755,-0.116481,1.100634,
	0.748428,0.711587,0.843025,-0.076186,-0.139693,0.740452,0.260892,0.244413,2.247051,0.283179,
	-0.420919,-3.231937,-1.628402,-0.137513,-0.621744,1.007887,-0.929542,0.668631,-0.407733,-0.083802,
	-1.368423,1.450294,-1.073164,1.925843,-0.133658,-0.053689,-0.612820,0.724797,-1.153488,-0.457398,
	-0.494609,0.091154,1.157303,0.766007,0.266833,-1.283742,1.127222,1.754084,-0.050681,-1.769909,
	0.038815,-0.429544,-0.065817,0.037226,-1.096397,-0.298362,-0.105067,0.307418,-0.266745,0.772336,
	0.945862,0.106457,0.632804,-0.561282,1.825138,-0.931176,0.890074,-0.083472,-0.762141,0.594824,
	0.489237,-1.657909,0.128325,0.578277,-0.509691,-0.137531,-0.049904,0.186092,0.921292,-1.245876,
	0.817332,-0.221060,0.273238,0.922189,0.323591,0.922922,2.084205,0.768128,-0.342594,1.190696,
	-0.001135,1.093121,1.569435,0.132806,0.303447,2.834293,-1.728609,-0.109962,-0.609176,1.752318,
	0.633062,-1.226338,-0.569997,0.167441,-0.008924,0.160152,-0.065249,-0.903217,0.035124,-0.288169,
	2.371723,-1.701731,1.364225,0.509510,-1.948030,-0.403940,0.225039,-0.786713,-1.717454,-1.273429,
	-1.093237,-1.150724,-0.757649,-0.135269,-0.494580,-1.174823,-0.030478,2.113086,-0.829097,-0.567983,
	0.763302,-0.242929,0.193598,-2.156512,1.004544,0.878158,1.465178,0.962620,-0.231081,0.573736,
	1.522845,0.647959,-0.177245,-3.241945,-0.144481,2.231147,-0.259165,-0.493661,-0.438602,-0.902680,
	1.513269,-1.323556,-2.080675,-1.114406,1.344839,1.643114,-1.667158,-0.547754,-0.480184,0.300004,
	0.882455,-1.180355,0.293194,1.453223,-0.045651,-0.512466,0.895526,-0.100248,0.023021,1.073793,
	-0.113311,0.044970,-1.268538,-0.215233,-0.054694,-0.133839,0.550294,0.206059,-0.974838,-0.150603,
	-0.622955,0.943708,-1.043038,-1.132666,-1.686022,-0.168252,-0.602022,1.064087,1.477680,-0.668906,
	-0.094494,-0.195396,0.568463,0.315567,0.106630,1.325718,0.013147,1.766966,0.021907,-0.057829,
	0.106092,-0.134712,-0.639338,0.865903,-0.884585,0.224062,0.025658,0.964221,0.807153,-0.021862,
	-0.862768,-1.377103,-0.578511,0.207430,-0.704486,-0.495661,-1.083541,1.840050,0.696917,-0.260956,
	0.588693,0.838402,-0.117269,-1.773582,-1.114488,0.272511,0.765616,-1.543562,-0.984934,0.521794,
	-1.513736,0.606653,-0.234553,-0.298776,0.121684,-1.297678,1.229015,-0.673046,-0.688588,0.259870,
	1.441845,-0.798171,-1.175782,-0.502196,0.704014,0.504401,0.176723,-1.143926,0.990342,0.817234,
	-0.379784,0.084903,0.181424,-0.671195,1.062152,-1.706390,0.128906,-0.895873,1.424289,0.087067,
	0.627505,-1.070621,0.631366,0.585258,1.880646,0.716335,0.168529,0.145563,-0.293389,-2.390354,
	0.349501,1.145496,0.590485,-1.269685,0.628413,-0.154620,0.094185,-0.262552,0.233502,1.795044,
	-0.535939,-0.496399,0.248670,-1.279913,-0.171733,0.371549,-1.704545,1.289316,-0.723888,0.826844,
	0.558348,-0.333995,-0.134805,-0.055928,-1.285350,2.213549,-2.537981,0.038770,-1.343623,1.410419,
	0.861367,1.314722,0.194508,-0.915400,1.292245,1.983124,1.676876,-1.330860,-0.029822,-0.283262,
	0.318157,-0.332606,-0.319274,-2.837964,0.322728,0.208804,-0.153536,0.383759,0.075327,0.685652,
	-0.225290,0.688725,-0.883741,-1.215620,0.893629,0.734188,-1.333301,0.344888,0.321913,1.935693,
	0.232715,-0.619494,-1.433542,-1.062662,-1.032747,-0.910024,-0.357423,-0.486427,-0.140703,0.134379,
	-0.224104,0.859915,0.611055,-0.902371,-0.979894,-0.205892,-1.371192,-1.308941,-0.271440,0.027999,
	1.748096,1.652236,-1.956864,-1.438713,0.480466,1.719466,0.388430,-0.909850,0.830939,-1.814000,
	1.129187,1.035190,-1.043646,-1.501015,-0.709951,1.349235,0.785070,1.372140,-0.814293,1.272448,
	-1.535554,0.183078,-1.073442,0.621963,-0.239058,0.489967,0.878945,-2.382037,0.646934,-1.084903,
	-1.091024,-0.525503,-2.310934,-0.939310,0.855461,-0.010265,1.423097,-0.929794,-0.975243,-0.051170,
	-0.493109,0.531770,-0.895430,-0.942623,-0.988852,1.039532,-1.010496,1.723573,-0.791734,-0.281884,
	1.824231,0.801096,0.358887,0.620848,-0.201963,-0.775197,3.140286,0.838684,0.284034,-0.797045,
	-1.262386,-0.052634,1.387237,0.353950,0.421792,-0.000141,0.012144,0.591166,-0.723348,-0.400836,
	0.572791,0.173761,-0.909884,-0.032166,-0.643025,0.659682,-0.539510,-1.586228,-0.145367,0.333579,
	0.490435,-1.058526,-0.086374,0.506180,1.552837,-0.186043,0.184828,0.935531,-0.807235,0.847859,
	1.460032,0.010212,-0.754480,0.438583,0.144829,0.231966,0.195937,-0.384242,-0.201978,-0.171396,
	-0.530695,1.243692,1.360367,0.560046,-1.013828,-0.725334,0.129804,1.139912,-0.190931,0.860463,
	-0.936300,0.002269,1.121179,-0.418777,-0.483976,-0.811911,0.715981,-0.203742,0.808685,0.197108,
	0.390582,2.371495,0.232391,0.446466,0.829375,-1.637465,-0.867567,1.631222,-0.853541,0.759371,
	0.942051,-0.095409,-0.446441,-0.983722,0.067001,0.439342,-0.094757,-0.566445,-0.701048,1.568167,
	0.313840,-0.438776,-0.045235,-0.754616,0.891502,0.851507,0.489054,0.028770,0.580657,-1.529523,
	1.976500,-0.195342,-0.918594,-1.436494,-1.355789,-0.287919,0.291857,0.886101,0.274450,0.621934,
	-0.158511,-0.007631,-0.032132,-1.355344,0.754190,-0.638637,-0.583489,1.533503,1.968873,-0.113624,
	1.487304,-0.365552,-0.182519,0.100842,-0.803407,0.168803,-1.041741,-0.197968,-0.321335,0.832240,
	-2.268601,0.929075,-0.464353,0.576558,-0.616829,0.396205,-2.200796,-0.458054,-0.799477,0.618217,
	1.553106,0.281572,0.943995,0.699695,-0.670784,-0.814222,-0.730519,-1.712630,-0.122374,1.569958,
	0.129221,-0.804179,0.137318,0.907010,-0.274549,-0.046309,-0.999709,-0.017939,2.299501,0.431248,
	0.742184,0.121276,0.307326,-0.042329,0.752576,1.058926,-0.022551,0.239828,0.377047,0.980572,
	-0.546590,-1.759903,-0.196499,1.292046,-0.448171,-0.092240,2.169575,0.899128,1.461752,0.694719,
	-1.489429,0.865598,-0.685110,-0.067019,0.355756,-0.271504,-0.857247,-0.907530,0.165955,0.403676,
	-0.260107,-0.289237,-0.360814,-1.587618,0.146361,-0.289592,-0.628582,0.215464,0.560788,0.828748,
	1.193977,-1.429635,-1.066212,1.369793,1.417123,0.372589,0.207832,0.661138,0.298658,-0.255992,
	0.813926,-0.276111,0.159702,-0.444550,0.308063,-0.954953,0.383596,-1.022527,-0.020306,-0.071977,
	-1.015864,1.368750,0.746318,-0.737932,-0.522789,1.700413,1.789490,0.276546,-1.787759,-0.577335,
	-0.009555,-0.820465,1.219601,1.246094,-0.097596,0.039265,-0.931721,-1.354602,0.124998,0.077792,
	0.681728,-1.102854,-2.300689,1.994194,0.214554,0.156149,-0.095176,0.494845,-0.563517,-0.158098,
	1.102641,0.622614,1.241793,1.258880,-0.110045,0.321703,-0.380365,0.657861,-0.031833,-0.214563,
	-0.111110,0.391895,-0.582946,-1.243946,0.847194,-0.748121,-0.636333,3.260207,0.001974,-0.715615,
	-1.128306,-0.380372,-1.020922,-0.072994,-1.457384,-0.734116,0.769316,-1.073903,0.483070,-0.948750,
	1.911468,0.325757,1.444879,0.202755,0.299506,0.027547,0.386326,0.052824,0.627967,0.782746,
	-0.924347,-0.043084,-1.027422,1.300740,0.217274,-0.415172,0.594253,-0.828844,0.230720,1.173508,
	0.033065,1.052297,-1.707015,-0.055885,0.998374,0.140592,-1.814633,-0.718180,0.084307,0.214009,
	-2.129112,-0.671369,0.149491,-0.324011,-1.698224,-0.214754,1.132933,-0.489460,-0.621380,1.235867,
	-0.608245,-0.437160,-1.045266,1.184576,-1.829514,-0.917340,0.442842,0.799809,-0.498122,1.284065,
	-0.013705,0.165048,-0.150719,-1.365429,-0.720942,-0.019773,-0.068043,-0.110152,-0.815588,-1.054009,
	1.782795,0.445365,0.272140,-0.011811,0.299473,0.424523,-0.644875,0.867812,0.514371,-0.949923,
	0.553884,0.405845,0.552541,0.982481,1.112945,-1.110612,0.402066,0.512298,-0.118767,-0.260968,
	1.185675,0.659034,-1.018749,1.896040,-0.865340,1.733739,-0.835469,-0.217852,0.678248,-1.223813,
	1.326666,0.329780,0.612296,0.303299,-1.193405,-0.584983,1.839707,-0.436640,-0.024370,1.008975,
	1.204331,0.445329,0.179863,0.262447,-0.679225,-0.016676,0.484683,2.458609,0.151157,-0.313831,
	1.151115,0.401041,1.920233,2.786192,0.653915,0.401760,-0.565568,-2.062503,-0.654262,1.378868,
	0.347072,-0.348428,0.304245,0.073718,1.434901,-0.171528,0.129403,-0.357715,0.124823,-0.414436,
	-0.609833,-1.322228,-1.169511,0.009987,0.633670,-0.990558,2.006145,0.113859,-1.035707,1.900353,
	-1.014341,0.803382,-0.355237,-0.006121,0.517361,-0.276178,0.270497,0.329549,-0.671470,1.368577,
	-0.571393,-0.557392,-0.816010,-1.161892,-1.306375,1.283476,0.554170,-1.035702,-0.413039,-0.624466,
	-0.325650,-0.826748,-0.035371,0.946059,-0.112518,-0.646464,-1.140337,-0.756915,-0.067998,0.293875,
	0.213929,-0.275036,0.633200,-0.195496,0.582975,-1.370286,0.154775,-0.192488,1.377437,0.208140,
	-0.574699,-0.375353,-0.445908,0.191143,-0.150459,-0.994333,-2.118044,-2.181802,1.461515,-0.187633,
	1.367822,-1.308820,0.284424,-0.640119,-1.641235,-0.457044,1.334747,0.948421,0.419702,1.119911,
	-0.187559,-0.386431,1.147602,-1.312221,1.067355,1.343713,0.552520,-0.810229,-0.718765,-0.314849,
	1.627889,-0.181513,-0.457063,-1.673530,0.213681,-0.518713,-0.649976,-1.011468,0.039555,0.609014,
	0.829421,0.531202,-0.736996,0.197410,-1.767729,-0.790945,-1.580198,-0.558183,-1.377219,0.797245,
	-0.724845,0.708504,0.078556,0.962863,0.111742,0.035054,-0.433503,0.246502,-0.142069,0.198279,
	-0.152653,-2.005349,1.989273,0.485293,-0.888703,0.883188,0.237730,0.139517,-0.017630,1.386924,
	0.514200,1.813528,1.608592,-0.717451,-0.548795,0.513057,-0.543563,0.884464,0.497033,0.761272,
	-0.350389,-0.137338,-0.219705,-0.529590,0.095412,-0.559011,0.859112,-0.305983,0.758329,1.208474,
	-1.947834,-0.159144,-0.015343,0.905584,-2.423652,-0.562400,0.885047,0.372286,-0.416981,0.420486,
	-0.302949,1.330625,-1.555998,-0.033023,-2.322747,0.635959,-1.280392,-0.266186,0.849846,-1.219216,
	-0.213352,-1.025368,0.647707,-0.363520,-1.331756,-0.202929,0.311583,-0.390233,-0.978373,1.389740,
	-1.119019,-0.083301,0.790251,-0.586470,0.351567,-0.663505,0.523163,0.798905,-0.072013,-0.086489,
	0.271339,-0.531481,-2.794432,1.259727,-1.357588,-0.786083,0.146130,-0.160926,-1.913751,0.356429,
	-0.143198,0.067166,-0.424674,1.118683,-2.236676,-0.510927,0.730588,0.572586,-0.675024,-1.434263,
	0.194874,-0.739556,1.422509,0.112821,0.361116,-1.188130,-0.677496,0.446042,-0.653543,-0.295248,
	0.872497,-1.913747,-1.348250,-0.583888,0.818110,-0.225767,-0.477400,0.472384,1.889671,-1.048465,
	-1.164542,-0.405521,-0.530170,0.907751,-0.392567,0.254980,-0.782635,-2.243067,0.359418,-1.209309,
	-0.804094,0.397229,-1.309250,0.083064,0.019298,1.539053,0.141682,0.437151,-0.191765,-1.073966,
	-2.026913,1.070078,1.118868,0.111832,-1.085981,-0.724269,-1.010189,0.788525,0.023999,-1.889498,
	0.329903,-0.037726,-1.294803,-0.144223,2.659576,1.369119,-0.111422,1.645331,1.125263,2.288527,
	0.097586,-0.334001,-1.031381,-0.327498,-0.922995,0.953361,-0.284694,0.355517,-0.778962,1.524278,
	1.509145,-1.064331,1.109802,-0.216778,-1.102191,2.239915,-0.656505,-0.022829,-1.655601,0.182255,
	-0.352585,0.037083,-0.092045,1.059560,-0.408698,0.249867,-0.581830,0.174063,-0.144956,-0.142491,
	-1.315840,-0.228547,0.578980,-0.900239,-0.583877,-0.858160,-1.206165,0.373520,-0.348049,1.346570,
	0.200782,0.405160,-0.021184,-0.294752,-0.117737,-0.608527,1.244694,1.171004,0.500573,-1.861243,
	0.485922,-0.322351,1.058766,-0.221225,-0.719010,-0.118061,0.725299,-0.213268,0.443161,-0.093277,
	0.286877,-1.281593,-0.980560,-0.302396,0.437381,-0.919972,-0.824562,-2.183861,1.785868,1.308510,
	1.159589,-0.108926,-0.677544,-1.251563,0.533351,0.544131,2.418784,1.127551,-0.223608,-0.951690,
	-0.211385,1.337430,1.105994,-0.165441,-0.420895,1.282591,-0.973244,2.358619,-0.395487,-1.143237,
	-1.349201,-0.373492,0.865211,0.808206,0.097619,-1.110839,0.009775,0.273601,-1.225135,-0.390048,
	-0.834949,0.513034,-0.437400,0.580742,-0.061481,-1.094573,-1.152800,1.018632,1.411453,-0.698298,
	0.019621,-0.576755,1.057503,0.002616,-0.100287,1.707546,0.610165,-1.557636,0.375985,-0.206280,
	-1.318202,1.383228,0.396446,-0.808064,-1.315043,1.237122,0.141207,0.164385,1.778137,-0.954630,
	2.049660,-0.859274,-1.016681,-0.207488,0.156641,-0.124227,0.302914,-1.678836,-0.667718,2.241269,
	0.324128,-0.646387,-1.042417,0.534112,-0.079703,-0.346433,0.119151,0.692120,0.932468,0.405712,
	2.052941,1.226825,1.114670,0.859359,0.779612,-0.201684,-0.742341,0.685181,-1.079616,-0.412520,
	-0.532855,-0.852012,-1.166490,-0.043766,-0.562600,-0.427843,-0.591483,-0.074982,0.983297,0.368930,
	-0.475885,-0.386632,2.186915,0.289277,-0.142416,-1.601408,-0.153517,-0.776740,-0.288174,-0.686221,
	-0.042675,1.280915,0.373484,-3.093544,0.463524,0.684303,0.359775,-0.278851,-0.540380,-1.307747,
	-0.869071,-0.297750,0.476425,-0.247471,-2.608629,2.647533,-0.229952,-0.508822,-1.185772,-1.419950,
	1.523507,0.089418,1.518349,0.132071,-0.788134,0.281352,1.173154,0.364023,-0.385226,-1.545723,
	-0.294208,-1.134235,-0.416504,2.207675,1.196194,-1.291231,0.563493,0.095956,0.747645,2.254982,
	1.333099,-1.487934,0.272336,0.614734,0.594135,0.467556,0.881769,1.260356,-0.431155,0.455582,
	-0.471466,0.845265,-0.766072,1.565609,-1.331250,1.064202,-0.159754,-0.651391,1.010453,-1.891617,
	0.242659,-0.819662,0.373687,0.132316,0.529256,0.388957,0.615311,-1.319691,-0.716558,0.524421,
	-0.613377,-1.352671,-0.776304,-1.429659,0.828549,-1.690981,0.352349,0.417149,-0.046762,-1.167193,
	-0.583313,0.653037,-1.089600,-2.652079,0.442104,0.756589,-0.997678,0.245795,0.417823,1.520888,
	0.182715,-1.218228,-0.289671,0.494973,-0.082630,1.470282,-0.356803,0.540738,-0.193443,-0.834983,
	0.191467,0.169702,0.431410,0.188652,2.075985,0.629650,0.350506,0.475581,0.467844,-1.015541,
	-1.713637,-1.886748,-0.210427,0.520355,0.079338,-0.789470,0.525516,1.149987,1.049320,-0.337599,
	-0.541786,-0.050824,-0.732786,-1.340313,-0.847701,-1.025577,-0.973980,0.156283,-1.280447,1.086028,
	1.243114,-1.952656,-1.073103,-1.901394,0.743677,-1.186252,-0.062004,-0.172019,-1.080999,0.208937,
	-0.019921,-0.336114,2.316707,1.227936,0.172052,0.034509,-0.301910,-0.934968,-0.373473,0.863474,
	-1.193199,-0.063916,1.016066,-0.906432,-0.157752,-0.004086,1.075693,-0.118176,0.040587,-0.364196,
	0.770988,2.171017,-1.725847,-0.552560,0.838023,0.869962,-1.504827,0.564829,-1.102528,-0.211640,
	-1.206683,-1.013624,1.585900,0.618460,-0.170229,-1.604386,-1.340993,-0.160363,1.443126,0.242834,
	-0.227909,-0.530347,0.079527,-0.204152,-0.154929,-0.501209,-1.259276,1.562838,0.756648,0.413995,
	1.104854,0.129970,-0.658682,-1.227585,-0.748167,1.139554,-0.365512,-0.088288,-0.176829,0.179997,
	-0.325984,-0.570913,-1.749762,1.479651,-0.321004,1.006395,0.877295,-1.005491,-1.093418,0.204235,
	1.126694,-0.817600,0.249352,0.868123,0.414062,-0.488048,-0.875915,1.210914,-1.007945,1.941715,
	-0.067520,1.355936,-1.483158,-0.340057,0.482135,-0.469130,-1.671278,0.685847,-1.416711,-0.903470,
	-0.769250,-1.403977,0.325855,-0.556719,0.472656,0.750877,1.345003,-0.079267,-1.698297,1.387251,
	-0.801106,0.030288,2.446935,0.520621,0.606916,-0.328838,-1.917549,2.326433,2.260237,0.756289,
	1.099110,-0.600505,-0.323611,0.251727,-0.066376,0.061461,-0.534086,0.145069,0.495740,-0.960762,
	0.663053,1.415934,0.638217,0.013767,-1.110129,2.208658,-0.768446,-0.709993,0.007022,0.658659,
	0.355519,1.888862,0.549720,-0.245385,2.057434,-0.683705,0.325587,-0.024611,-0.541397,-1.075145,
	0.689066,0.167363,-0.664059,1.063139,1.012320,-0.244094,-0.932541,-1.120619,0.435138,-0.126962,
	-1.164102,-0.174135,-0.229429,1.463262,-0.989334,0.930869,-1.251139,-0.254780,1.241788,-0.280230,
	0.526829,-0.303444,-1.203470,2.798136,0.383065,-0.809366,-1.159116,-0.221037,-1.011292,0.269713,
	0.191160,0.445253,-0.626693,-0.587827,0.789548,0.684139,0.466735,-1.194205,0.502799,-0.949868,
	-0.181643,1.228126,0.402216,0.583853,-0.354317,0.256152,0.808635,0.787832,1.581353,0.909975,
	0.288422,2.377485,-0.698540,1.081739,-0.065172,-1.148860,0.955241,1.320016,-0.741171,0.192690,
	0.601787,-0.956048,0.770008,-0.905713,2.453093,0.931035,-0.090677,-1.024458,1.525905,-1.360433,
	0.134702,-0.969318,0.817472,-1.097125,-0.260818,1.381015,-0.677586,0.022415,-1.915675,-0.403090,
	-2.006709,0.457246,0.408523,0.258886,-0.809086,1.131605,1.769291,-0.349433,-0.667375,-0.946403,
	2.058750,0.115060,-0.392917,0.318824,0.200738,-0.322480,-1.109900,0.868626,0.322733,1.689891,
	0.985156,1.298206,0.083744,1.056121,0.635068,0.313159,-0.903430,-0.467141,1.311294,-0.534809,
	0.413091,-0.392562,1.672653,-1.512514,0.056411,1.874803,0.875520,2.625060,0.710394,0.990711,
	0.258946,-0.036975,1.828741,-0.758553,3.036058,-0.116767,0.294041,-0.357370,1.084187,-0.079421,
	0.513687,1.066710,-0.437660,0.050907,0.170009,-0.376350,0.561292,0.237674,-1.225666,0.892052,
	0.964406,0.374714,1.285418,-0.513725,-2.292516,1.773625,0.101740,0.602408,-0.884329,-0.524933,
	1.246315,0.148101,-0.650951,0.405135,0.035254,-0.568204,-0.103540,-1.081799,0.207151,-1.537097,
	0.994147,-0.515106,-1.105392,0.966138,-0.074378,-1.534873,1.552978,0.409887,0.583484,-0.098920,
	0.155368,-1.010746,-0.265339,0.758070,0.346648,-1.159178,0.492001,-1.571028,-0.248181,2.569246,
	-0.231901,-0.522923,-2.390620,0.624106,0.396294,1.145194,-0.613139,2.278254,0.430579,-0.641487,
	0.030620,0.136890,-2.826468,-0.465719,0.428163,-0.411787,0.649377,-0.927920,-0.654530,1.194100,
	0.325122,-0.770863,0.536129,1.435861,-0.142066,-0.320211,-0.758877,-0.489543,-0.873063,-0.933221,
	0.800265,-2.087025,-1.367591,-0.964269,-0.350723,0.306454,0.869690,-1.266084,-2.146792,0.652807,
	-0.172421,-2.347116,-1.047930,-1.047300,1.532813,-1.017992,-1.433826,-0.311870,0.324205,-0.149529,
	0.387404,1.504635,1.034840,-0.472563,0.116251,-0.439234,-1.609279,-0.060525,0.568863,-0.340148,
	-1.351483,-0.152889,1.018154,1.253459,0.417553,-0.722616,1.591875,0.665038,0.653906,-0.122312,
	-1.234506,0.406988,-2.088827,1.326987,-0.328255,0.773492,-2.102589,-2.309262,-1.652394,-1.849312,
	0.014459,2.204692,-1.367674,-0.080796,-1.019856,1.130215,0.126119,-0.448053,1.166552,-0.294326,
	-1.036012,1.276173,1.051351,-1.423939,-0.302220,-0.809550,-0.191752,-1.808662,-0.363457,0.745230,
	-0.737387,-0.677243,0.777952,0.296974,1.677135,-0.234472,1.691494,-0.865295,-0.385691,-0.643410,
	0.729386,-0.724076,-1.569928,1.671604,-0.684198,1.290687,-1.934577,-0.863638,-0.176199,-0.075813,
	0.899476,0.663133,-1.048227,0.847683,1.619906,0.525208,-0.144802,-0.722766,0.924401,1.117436,
	-1.827022,0.812892,0.430105,0.387161,1.248654,-1.881537,0.503499,-0.638555,-0.406374,-0.313712,
	-0.782575,-0.078225,-0.588610,0.478084,0.872305,-0.903861,0.452877,0.145700,-1.413103,-1.018906,
	0.262677,0.732891,0.694347,-2.308327,0.069906,-0.927083,-0.802513,0.481348,-0.463536,0.007053,
	0.003471,0.610855,-0.206079,-0.373751,0.219700,0.229067,0.573605,1.298902,1.593605,-0.697206,
	-0.541040,0.489371,-0.481750,-0.912467,2.704520,-0.351852,1.098696,0.733524,-0.631791,-0.633828,
	0.562868,0.032712,-1.372678,0.230467,0.305004,-0.949253,-0.511505,0.983317,1.719031,-2.546069,
	-0.789964,0.789116,-0.267678,0.432943,0.748545,0.995580,2.007043,-0.975243,-1.560013,0.934047,
	-1.053628,-1.161110,-0.408723,-1.539669,1.641737,-0.661435,-0.151236,-2.189480,-0.565821,1.129874,
	-0.527639,0.197606,1.329326,1.759642,-0.755825,1.775287,-1.492321,1.949153,-0.139269,-0.313089,
	-0.872667,-0.438669,0.227206,-1.304762,-1.090476,-2.245502,-0.607016,-0.699638,-0.402973,0.902759,
	-1.667663,1.514626,1.051900,1.453862,-0.511359,0.479509,-0.131675,-0.363804,-0.598795,-1.204881,
	-0.218632,-0.647990,0.549456,-0.907215,-0.060295,-0.228540,0.812852,0.751118,0.525341,-1.162689,
	-0.548779,-0.370335,-0.624337,0.559624,1.492667,1.543265,-0.584159,-0.089189,0.074496,0.345542,
	0.432423,0.231157,0.239979,-1.570408,-0.621687,-0.825088,-0.956682,-0.963782,-1.956444,0.069650,
	-2.393140,0.629848,0.770815,0.011871,1.277813,-1.592203,-0.822783,0.688183,-0.193281,-2.216092,
	1.463136,0.756929,-2.183642,1.072568,-0.255980,-0.250906,0.078973,1.700269,0.003965,-0.196458,
	-1.927162,2.667268,-0.021768,-1.215052,1.852979,1.029636,0.457520,0.547389,-1.482126,-0.216899,
	-1.349289,-1.446820,-0.028630,-0.831285,-1.669697,-0.741098,-1.618312,-1.562967,0.184842,-0.347162,
	-0.650894,1.039036,1.252360,-0.231607,1.405286,1.516515,0.073878,1.471416,-0.045107,-1.654131,
	0.729511,0.589724,0.047212,0.770792,0.608991,-0.917644,-0.648936,-1.313501,1.661992,0.162419,
	1.177255,-1.090474,-0.962671,-0.049653,0.127893,0.718922,-0.733800,2.082086,0.953534,1.531329,
	1.126049,0.892151,0.189647,1.002882,1.157723,-0.391094,-1.716427,-0.568189,-1.046120,-1.278473,
	-1.404239,-0.143244,-0.066152,0.280082,-0.125317,-1.884555,0.825095,-1.000503,-1.105915,0.460757,
	-0.380808,-0.628563,-0.380647,-0.805654,1.065823,-0.303001,0.142901,-1.435872,-0.026321,-0.748694,
	0.153566,-0.301777,1.513823,0.141623,-0.990980,-0.807811,0.493148,0.638652,-0.365595,0.918020,
	0.703681,0.886435,-1.064285,-0.368067,-0.495408,-1.219380,-0.424645,1.643355,-0.913333,0.212168,
	1.993258,1.731655,-0.820945,-1.351927,1.472213,0.526170,0.581614,-1.859609,0.612862,-0.393200,
	-0.266326,0.177351,-0.522238,-2.374884,0.250438,-1.107483,-1.059316,-0.916484,-0.833458,0.383360,
	-0.356611,-0.589734,-0.528916,0.385718,-0.137400,0.457596,0.342539,0.567180,-0.080943,-0.676426,
	0.335082,-0.234902,0.330550,-0.544378,1.056466,-1.315699,-0.471039,-0.810507,1.116332,0.996258,
	-0.001228,-0.724563,0.571024,1.135156,-0.757717,-0.774227,-0.269333,-1.625887,0.390876,-1.605286,
	-0.736214,1.444712,0.062976,-0.039346,0.335372,-0.200607,-0.029562,-0.145335,-0.421331,2.149779,
	-0.649326,-0.499892,0.114718,-0.579230,1.255376,0.351461,-0.407327,1.214801,-0.496309,0.734853,
