	0.013570,-0.043637,-0.004430,-0.030237,0.015395,0.019874,-0.026814,-0.008093,-0.009147,0.047034,
	0.027676,-0.001595,-0.003729,0.049569,0.010279,0.025412,0.020686,-0.014428,-0.013195,0.045313,
	-0.064112,-0.023966,-0.005273,0.013117,0.010847,0.015930,-0.035837,0.027853,0.011908,-0.003949,
	0.035735,-0.020207,-0.005914,-0.019778,0.052442,0.000526,-0.031233,-0.025636,0.057340,-0.014918,
	-0.050080,-0.002647,-0.011657,0.025662,0.033175,0.037142,0.038534,0.015151,0.017871,0.023793,
	0.007786,-0.004978,-0.012336,-0.043537,-0.026868,0.001890,-0.006009,-0.022799,-0.026999,-0.011797,
	0.051656,-0.042559,0.044080,-0.017383,-0.032867,-0.000372,-0.083618,-0.023920,0.031868,-0.039036,
	0.007631,-0.012711,0.027087,-0.013360,0.041244,-0.010217,-0.026770,0.008999,-0.043178,-0.004197,
	-0.074821,-0.005100,-0.030769,0.042031,0.040227,-0.002521,0.011667,-0.002859,0.029048,-0.028861,
	0.012966,0.008400,0.006819,-0.026154,0.006258,-0.006040,0.025161,-0.013513,-0.034667,0.031668,
	0.011463,0.004147,-0.027856,0.023748,0.025482,0.049974,-0.063695,0.007725,-0.005156,0.021352,
	-0.064597,-0.028768,-0.014354,0.035117,-0.000592,0.003038,0.035499,-0.023012,-0.022367,-0.026501,
	-0.057814,0.011736,0.008715,0.007416,0.017195,-0.033320,-0.023026,0.004545,0.044197,-0.030607,
	0.030529,-0.021604,-0.004303,-0.038603,-0.022442,-0.016177,-0.063201,-0.011738,0.037457,0.003786,
	-0.038015,0.028683,0.052373,0.042834,-0.017014,-0.017900,-0.022261,0.036501,0.012629,0.020544,
	0.019176,0.029123,-0.043230,0.029655,-0.022627,-0.002903,0.053269,0.035899,0.012866,-0.023623,
	0.008112,0.007825,0.014542,0.041873,-0.026250,0.004837,0.028384,-0.038272,-0.054695,0.006748,
	-0.023289,-0.003598,0.008741,0.009137,-0.000842,0.021613,0.018436,0.015914,-0.074270,-0.020435,
	-0.009353,-0.017133,-0.007957,-0.025713,0.024550,0.001418,-0.044220,0.001684,0.011554,-0.003679,
	-0.027686,0.032784,0.012490,0.001500,-0.004642,0.019919,-0.000909,0.075533,-0.042410,0.012024,
	0.026758,-0.024344,0.022937,0.026271,0.019245,0.030464,0.019553,0.049259,-0.041942,-0.054924,
	0.040634,-0.019971,0.045617,0.053773,0.009884,-0.028036,-0.057448,-0.006179,0.013361,-0.006640,
	-0.031980,0.009759,0.003545,-0.003933,0.005662,0.029836,-0.021092,-0.002875,-0.011456,0.040447,
	0.017100,0.017392,0.011194,-0.023691,-0.019312,0.007913,-0.009820,0.039190,-0.032112,-0.032874,
	-0.026166,0.007429,-0.024874,-0.043050,-0.006866,-0.036180,0.000476,-0.014102,-0.011263,0.068753,
	-0.020768,0.029183,0.001888,0.033228,0.012842,-0.028946,0.057864,0.012745,-0.078505,-0.029494,
	-0.001396,0.004702,0.023978,0.000168,0.030635,-0.010980,-0.046731,0.035560,0.009117,-0.004862,
	-0.021462,0.002554,-0.037176,-0.003147,0.032300,0.032434,-0.012912,0.031665,-0.015864,-0.007476,
	-0.039862,0.016147,-0.019478,-0.008649,-0.031290,-0.018805,0.032432,0.001137,-0.036254,0.056826,
	0.040779,-0.000289,-0.012806,-0.001435,-0.002779,0.010452,-0.025343,0.041274,0.015456,0.023964,
	0.002471,0.024052,-0.011216,-0.020713,-0.023401,-0.047634,-0.028467,-0.009810,0.008932,0.023979,
	-0.003378,-0.016238,-0.025089,-0.023681,-0.010853,-0.056761,-0.000527,0.023843,-0.019962,0.013851,
	0.054632,0.054335,-0.022032,-0.021042,-0.034425,0.065236,0.006392,0.015557,-0.029886,-0.003208,
	0.033035,-0.015211,-0.006002,-0.023337,0.003476,0.064441,0.033501,-0.018187,0.004307,-0.011706,
	0.041465,-0.010805,0.009994,0.024065,0.011773,-0.003285,-0.021604,0.020902,-0.029327,-0.012147,
	-0.057257,0.014082,-0.013580,0.004230,-0.004334,0.007260,0.017414,0.035043,-0.078755,0.013865,
	0.006428,-0.008820,0.034069,-0.023432,-0.005614,-0.005846,-0.017455,-0.000850,-0.023003,-0.008862,
	0.007746,0.011800,0.038037,-0.006254,0.002954,0.020674,-0.003462,-0.065899,-0.055984,-0.010718,
	0.037847,0.000520,0.018147,0.026442,0.030119,0.019729,-0.037631,-0.028472,0.058615,0.024735,
	0.050237,-0.020139,-0.016806,0.004102,-0.002845,0.032121,-0.016699,0.046195,-0.003735,-0.041206,
	0.004744,0.012308,0.019164,-0.011874,-0.020868,-0.008099,0.019070,-0.041783,0.004088,0.018886,
	-0.002853,-0.016032,-0.006727,0.026634,-0.016218,-0.024135,-0.023343,-0.010957,-0.024037,0.009495,
	0.014799,0.006093,-0.018675,-0.053697,0.002798,0.049492,0.016441,0.010675,0.003015,0.000057,
	-0.017433,-0.027138,-0.039889,-0.019560,0.004477,0.010749,-0.004204,0.026384,-0.023478,-0.026737,
	-0.043563,0.007852,0.008279,0.017076,0.014596,0.013809,0.058376,-0.036198,-0.036294,-0.009028,
	-0.004160,-0.015545,0.048288,0.036681,0.010442,0.014756,0.067194,-0.029029,0.040263,-0.050732,
	0.000810,0.003040,-0.011536,-0.020171,-0.012440,-0.042359,-0.001363,0.013053,-0.024056,-0.034895,
	-0.014047,-0.023810,-0.029306,0.042402,0.104678,-0.024973,-0.016643,0.002407,0.025607,-0.012779,
	-0.026766,0.038734,-0.006332,-0.047305,-0.009809,-0.041276,0.021908,-0.008781,-0.012336,0.035099,
	-0.022798,0.053768,0.042821,0.007756,-0.048857,-0.023012,-0.029776,0.007106,-0.007995,0.081184,
	-0.020886,-0.035889,-0.015296,-0.019190,-0.020469,-0.009596,-0.050269,0.027188,0.030515,0.025918,
	-0.006148,0.041313,-0.010805,0.007983,-0.024137,-0.016375,0.012821,0.014613,-0.010273,0.017907,
	-0.035772,-0.038321,-0.040999,-0.028668,-0.023373,0.001486,0.001271,0.023892,0.003854,-0.010400,
	0.007162,-0.002253,0.001164,0.006658,-0.025122,0.005493,0.016424,-0.008432,-0.002198,0.009050,
	-0.041644,-0.029470,-0.016136,-0.027827,-0.042173,-0.015018,0.002029,-0.017069,-0.049289,-0.021184,
	-0.026835,-0.022014,0.032644,0.039138,-0.026829,0.036938,-0.003781,-0.014009,-0.020767,-0.037999,
	-0.006382,-0.001145,0.018740,0.037341,0.019794,-0.024594,-0.002425,0.015340,0.038338,0.025656,
	-0.025603,0.007623,-0.004554,0.031340,-0.015330,-0.016923,0.019868,-0.020713,-0.014121,0.015342,
	0.021325,-0.036474,0.039015,0.020058,-0.001354,-0.032854,0.035107,-0.038553,-0.002743,0.055061,
	0.009125,0.033800,0.028885,0.017890,0.024214,0.033743,0.025306,0.004494,0.035368,0.033839,
	0.001790,-0.015608,0.008265,0.035836,-0.005284,-0.020285,0.007493,-0.031657,0.012105,0.003371,
	-0.040183,-0.009675,-0.004855,0.024171,-0.037064,0.053516,-0.010330,0.004051,0.046274,0.010444,
	0.002862,0.037735,-0.001877,0.021600,0.020967,0.008072,-0.024773,-0.017406,-0.019957,0.014646,
	-0.003581,-0.004684,-0.020550,-0.023316,-0.028373,-0.006378,-0.035610,0.042528,-0.000955,-0.014134,
	-0.007776,0.013921,0.021507,0.010077,-0.001580,0.041875,-0.006252,-0.033276,-0.015777,0.017368,
	-0.006532,-0.021526,-0.002310,-0.020270,-0.054035,-0.035573,0.029902,-0.026118,0.038638,-0.008131,
	-0.011844,-0.027892,-0.034672,0.000347,-0.010267,-0.015504,-0.007084,0.031611,-0.006658,-0.014901,
	0.013352,-0.007279,-0.003352,-0.026061,-0.012084,-0.001039,0.014324,0.033445,0.020571,0.003859,
	0.002534,-0.012587,-0.002265,0.021739,0.022831,-0.007060,-0.012303,-0.032660,0.038693,0.018321,
	-0.014951,0.014708,0.003439,-0.011738,0.038773,0.011505,-0.031422,-0.014705,-0.032349,-0.002614,
	0.022511,0.012612,-0.030646,-0.011919,0.009807,-0.016282,-0.074673,0.040029,-0.059340,0.017579,
	0.048611,0.018593,-0.008586,-0.049383,-0.033495,0.030263,0.014431,0.012159,0.009913,0.028339,
	-0.002382,0.010548,-0.038805,0.024399,-0.061694,0.031383,-0.015488,0.041213,0.006931,0.013168,
	0.044475,0.052534,0.018121,-0.022688,-0.011647,-0.026685,-0.010273,0.014548,0.007078,-0.006464,
	0.015918,0.058377,-0.023239,0.027537,-0.011690,-0.001987,-0.003672,0.007573,0.009346,0.021002,
	0.026315,-0.000367,0.001866,-0.034004,-0.013271,-0.019994,-0.022858,0.046600,-0.015460,0.036650,
	-0.041427,-0.007637,-0.029083,0.035564,0.013438,-0.020372,0.005368,0.001674,0.027884,0.007443,
	-0.008554,0.001854,-0.013928,-0.080678,-0.020866,0.034048,0.038742,-0.003814,0.041436,0.003178,
	-0.006773,0.012405,0.031904,0.025722,-0.024968,0.019784,0.026852,0.009569,-0.039356,-0.000519,
	-0.023695,-0.012988,-0.018498,-0.040241,-0.016403,0.001525,-0.007601,0.007168,-0.003743,0.010265,
	-0.019554,-0.031697,0.047322,-0.016899,-0.019715,0.007529,0.002160,0.029892,0.017817,0.026980,
	-0.029592,0.015918,0.006720,0.008443,0.056074,0.003220,0.018974,0.035519,-0.032214,0.011794,
	-0.003649,0.026678,-0.042460,-0.033495,-0.004132,-0.018921,0.052558,-0.019664,-0.013377,-0.027836,
	0.019512,0.006800,-0.018001,0.005777,-0.016615,0.018503,-0.016215,0.015483,-0.023418,-0.011643,
	-0.034569,0.031961,-0.002981,0.003341,-0.072108,-0.027777,-0.084980,0.034188,-0.013597,-0.017679,
	-0.025060,0.040711,-0.005933,-0.041735,-0.007863,0.030038,0.012830,-0.002035,-0.021241,0.011762,
	-0.037807,-0.020431,0.016659,-0.038816,-0.007276,-0.005669,-0.046312,0.027612,0.012727,0.007866,
	-0.019346,-0.058870,0.002250,-0.034916,0.026185,0.009282,0.039039,-0.038665,0.020629,0.020921,
	0.071425,0.029911,0.014754,0.044136,-0.007855,-0.038467,0.009906,0.032678,-0.044433,0.021161,
	-0.021776,-0.017366,-0.012101,0.003244,0.020373,0.001193,0.014178,0.026860,-0.005201,0.015851,
	-0.018414,0.037381,0.050231,-0.005762,-0.018094,0.059551,0.032744,-0.009916,0.036750,0.014197,
	-0.002536,-0.025659,0.016292,0.018796,0.012622,-0.017447,0.021949,-0.021847,-0.010411,-0.030555,
	-0.032229,-0.032512,0.046442,-0.029469,-0.003422,0.009079,-0.006597,-0.016195,-0.008747,0.005696,
	-0.003362,-0.037907,0.006077,0.016470,-0.054239,-0.000551,0.035179,0.006027,0.024051,0.062567,
	0.003542,-0.041927,0.031580,0.032768,-0.010897,0.014225,0.003802,0.000452,0.079631,-0.015042,
	-0.002157,-0.014635,0.042950,0.061689,0.017491,-0.004636,0.047481,-0.043586,0.051348,-0.015749,
	-0.032305,0.010985,0.035106,-0.015187,-0.020122,0.016306,0.011207,-0.001548,-0.020674,0.001479,
	-0.004190,-0.016889,0.014751,0.028564,0.019166,0.015230,0.034529,0.006691,-0.015671,-0.067723,
	-0.003127,0.037611,-0.011829,0.048711,-0.023484,0.039382,0.023066,-0.049251,-0.003948,-0.006608,
	0.032813,-0.002344,-0.040460,-0.001764,0.011776,0.053731,0.010005,-0.021046,0.035393,-0.072239,
	0.005827,-0.012709,-0.008896,0.005055,0.010361,0.016720,-0.035359,0.018129,-0.058173,-0.022605,
	-0.052281,0.012403,0.035027,0.004714,0.012491,0.036579,-0.044250,-0.016598,0.015522,0.010849,
	0.006586,-0.018415,0.039586,0.028754,-0.032987,-0.016315,-0.020636,-0.026633,-0.014973,-0.007517,
	-0.016958,-0.002418,0.005587,0.004518,0.026089,-0.004479,-0.013352,0.031784,0.040281,-0.030395,
	-0.017212,0.014868,-0.018532,0.021166,0.028294,0.011289,-0.026486,0.028458,0.023644,0.006861,
	0.000587,-0.002304,0.021774,-0.036376,0.031724,-0.025404,0.024745,-0.011207,0.023824,-0.017814,
	-0.023803,-0.008003,0.015289,-0.011866,0.032391,0.004816,0.057456,-0.033405,-0.047903,-0.002257,
	-0.048607,-0.000993,-0.015896,0.003809,0.015511,-0.009654,0.002199,0.064571,0.009199,0.032588,
	-0.005640,-0.001996,0.026214,-0.011517,0.004110,0.030894,-0.000830,-0.056794,-0.025643,-0.026821,
	0.026726,-0.026438,0.014413,-0.022622,-0.022087,0.028800,0.005320,-0.016175,-0.006547,-0.000855,
	-0.027108,-0.020085,-0.008968,-0.016042,0.003115,0.009236,0.036787,-0.046660,0.037112,-0.011031,
	-0.016221,-0.045006,-0.006665,0.033279,-0.043797,0.019378,-0.027777,-0.002954,0.019141,-0.011478,
	0.006249,-0.021815,-0.013056,0.026446,-0.001217,-0.033934,-0.027551,-0.000121,0.015822,-0.003579,
	0.035086,0.057932,0.003404,0.028568,0.011839,0.023778,0.013981,-0.035958,-0.005206,0.031082,
	0.003376,-0.025389,0.076889,0.014192,-0.047280,0.026373,0.013551,0.003953,-0.032519,-0.016331,
	-0.015666,0.009801,0.033184,-0.017982,-0.014948,0.020331,0.020184,0.001193,0.051359,0.009198,
	0.006976,-0.012542,0.022147,0.016421,0.011582,-0.004750,0.030324,0.024137,0.000056,0.002688,
	-0.002429,0.026578,-0.001821,-0.039074,0.010336,0.024784,0.012125,-0.039682,-0.027605,0.020302,
	0.005192,0.038390,0.010667,-0.001801,0.019485,0.042727,-0.009034,0.016330,0.008929,0.038033,
	-0.023520,-0.018109,-0.007470,-0.008496,0.007284,-0.029472,0.059499,-0.005006,0.046241,0.021767,
	-0.029378,0.004189,0.001759,0.006289,-0.003140,0.001689,0.025722,-0.027773,0.032210,-0.018328,
	-0.013900,0.003632,-0.015464,0.090437,0.035435,-0.005894,-0.009640,-0.021685,0.017877,0.006168,
	-0.044039,0.013525,0.031409,0.024618,0.027856,0.033874,-0.008300,-0.007419,0.026832,0.008948,
	0.032709,0.017354,-0.022483,-0.011243,0.039951,0.033561,-0.037831,0.022087,-0.016802,-0.015151,
	0.004357,0.009868,-0.031052,-0.034609,0.005098,0.027970,-0.013617,0.033845,0.037065,0.013114,
	-0.027842,0.022269,-0.001793,-0.027433,-0.038169,0.006019,-0.005719,0.035963,-0.038832,-0.086329,
	0.003185,0.018226,0.002744,0.008878,0.008800,-0.013382,0.035729,0.024720,0.013584,-0.017491,
	-0.019017,-0.007346,-0.040274,0.025973,0.025471,0.000575,-0.007165,-0.027701,0.015055,-0.027886,
	0.031782,0.004188,-0.033108,0.004752,-0.007599,0.055652,0.017202,0.004529,-0.008125,-0.019350,
	-0.007319,-0.043244,0.002296,0.023688,0.020344,0.006544,-0.008284,0.010572,-0.045678,-0.030537,
	0.030258,-0.032864,-0.018892,0.037913,-0.077211,0.012752,-0.007778,-0.019129,0.031302,-0.010604,
	0.032964,-0.028951,-0.039246,0.020998,0.042708,-0.000123,0.035817,0.045764,-0.018208,-0.010769,
	0.035304,0.022485,0.043373,-0.059963,0.018257,0.022062,-0.019231,-0.007030,-0.030872,-0.017281,
	0.028072,0.002609,-0.000284,-0.009737,0.000918,0.009188,0.008014,0.008090,0.019529,0.020123,
	-0.005282,-0.006439,-0.005210,0.011529,-0.051474,-0.013842,-0.029761,-0.063685,0.013845,0.022482,
	-0.028832,0.043820,-0.033661,0.039316,0.064918,-0.030098,0.039961,-0.033252,0.001386,0.029882,
	-0.029240,-0.024058,-0.003341,0.009936,-0.018227,0.009836,0.012560,0.032084,0.027932,-0.001055,
	0.008875,0.007830,0.023917,-0.010599,0.031567,0.040515,0.020171,0.016475,-0.025603,0.024009,
	-0.036191,-0.010010,-0.032748,-0.013787,0.017471,-0.001886,0.009062,-0.000157,0.040107,0.029831,
	-0.001871,0.008298,-0.032088,-0.026584,0.000418,-0.025550,0.012957,-0.007423,0.022744,-0.015700,
	0.033664,-0.066462,0.003175,0.017180,-0.010394,0.050504,0.000018,0.003637,0.033113,-0.033643,
	-0.025006,0.027183,0.040601,-0.019630,-0.018150,0.012350,0.061586,-0.041466,-0.001693,0.026940,
	0.015534,0.025991,-0.056123,0.040297,0.018923,0.004286,0.068387,0.017614,-0.007877,-0.014692,
	-0.022075,-0.020663,-0.006699,0.010351,-0.025203,-0.017342,-0.013137,-0.016550,-0.016912,-0.021960,
	-0.031971,0.010844,0.006266,-0.010706,-0.015581,0.004978,-0.046789,-0.011798,0.011684,0.010863,
	-0.017385,-0.024166,0.040837,-0.062572,0.016866,0.044669,0.050911,0.016967,0.013713,-0.049035,
	-0.004627,0.016064,-0.001396,-0.029105,-0.033704,0.005835,0.019295,-0.025458,0.008231,0.050189,
	-0.018261,-0.003117,-0.023041,-0.011505,-0.000114,0.017070,0.007184,-0.004210,-0.002881,-0.014528,
	0.013453,0.020525,-0.023121,0.053528,-0.024196,-0.012464,0.016316,-0.006915,0.051024,0.021768,
	-0.000625,0.016823,0.008678,-0.029261,-0.006703,-0.021066,-0.011275,0.036015,0.019474,0.003076,
	0.007912,-0.031599,0.016678,-0.043458,0.013203,0.000529,-0.021967,-0.007853,0.016335,-0.001239,
	-0.006186,-0.001370,0.019954,-0.013253,-0.003691,-0.014701,0.035404,-0.007863,-0.033435,0.035691,
	0.033714,-0.009011,0.003918,-0.001229,0.017770,0.008123,-0.028187,-0.049406,-0.030656,-0.003860,
	0.017089,-0.001548,0.097674,-0.010693,-0.030641,-0.015055,-0.006688,0.036305,0.016764,0.003037,
	-0.015621,-0.016250,-0.039796,0.010773,0.037763,-0.036139,-0.031494,0.031128,0.008311,-0.024510,
	0.001181,-0.012629,-0.052868,-0.040684,-0.008284,-0.010267,0.019302,-0.006461,-0.011282,-0.037804,
	-0.028072,0.061052,-0.047471,-0.010961,-0.032420,-0.020347,0.014472,0.015765,0.018766,-0.019636,
	-0.012905,0.015554,-0.028061,-0.049401,0.014007,0.014548,0.024662,-0.016087,-0.013514,0.022192,
	0.009182,0.010198,0.016179,0.005288,0.026273,-0.030273,0.000384,-0.007170,-0.035119,-0.005073,
	0.003990,0.010238,-0.069962,0.045667,0.056920,-0.029290,-0.038833,-0.031584,0.014205,0.003710,
