-0.405623,-0.704316,0.724897,-0.126258,-0.971220,0.091114,-0.326097,0.339214,-0.104927,0.146041,
-0.772456,-0.435968,0.760365,-0.208545,-0.434206,0.547209,-0.673357,-0.870142,-0.026284,-0.989476,
-0.468226,-0.166070,-0.404537,-0.702603,-0.034352,-0.559842,0.078693,0.733740,0.701978,-0.753934,
0.514831,-0.714095,0.200936,0.506784,0.575948,-0.411493,0.642184,-0.547427,0.949357,0.559787,
0.866453,-0.427712,0.076184,0.624369,0.865178,-0.579338,0.437247,-0.721400,0.577732,0.645294,
-0.470067,-0.185694,0.603736,-0.255255,-0.439512,0.371139,-0.096735,0.592087,-0.482099,-0.369751,
0.627534,0.817063,-0.197376,0.015231,-0.190381,-0.725293,-0.513597,-0.933330,0.425144,-0.231573,
-0.433784,0.736230,-0.211621,0.182351,-0.189587,-0.392455,-0.777485,-0.446799,-0.648136,-0.594021,
0.094479,0.161740,0.356494,-0.200204,0.614407,0.866185,-0.410456,-0.801621,0.285814,0.196694,
0.667984,-0.036505,-0.663862,-0.491026,0.843537,-0.888124,-0.283384,0.740041,0.249274,-0.314345,
0.631730,0.105269,-0.775088,-0.426715,0.967078,-0.429178,-0.090884,-0.545755,-0.608130,-0.790255,
0.014234,-0.901467,0.471724,-0.680113,-0.402570,-0.623043,-0.568823,0.772378,-0.533463,0.737705,
0.034190,0.634088,0.283321,-0.003122,-0.577150,0.910258,0.184609,0.702370,0.313188,0.549205,
0.484796,-0.518108,0.163349,-0.179399,0.800248,0.714651,-0.413251,-0.212327,0.954120,-0.482840,
-0.227192,0.177778,-0.777479,-0.323774,-0.697246,-0.366326,-0.212521,-0.905812,-0.139938,0.153538,
0.323527,0.374720,-0.275054,-0.966468,-0.252209,0.551170,-0.565024,-0.584033,-0.472064,0.542617,
-0.675270,-0.408544,-0.019734,-0.506949,0.066359,0.546263,-0.691003,0.226064,0.922113,0.303234,
0.667542,0.604620,-0.718955,0.139404,0.995158,0.625745,-0.945607,0.445635,0.937735,0.262538,
-0.174263,0.585876,-0.906807,-0.427072,0.260042,0.439299,-0.373928,-0.689749,0.639709,0.067454,
-0.615583,0.063481,0.539570,-0.172051,0.599113,0.619861,-0.398337,0.516712,0.040109,0.680481,
-0.108557,0.382636,-0.180421,0.255311,-0.705247,-0.847730,-0.436939,-0.937122,-0.516325,-0.223912,
0.868400,0.545963,-0.995520,-0.619155,-0.065947,0.371713,0.233108,0.231869,0.007897,-0.181201,
0.421348,0.379112,0.261782,0.523166,0.459062,0.248579,-0.263126,-0.712540,-0.157105,-0.842155,
0.898563,-0.568801,0.300902,0.091156,-0.372822,0.259954,-0.897978,-0.097706,-0.325831,-0.855314,
-0.213116,0.828980,0.912707,-0.874732,-0.119190,-0.230186,0.725537,0.261353,-0.036138,0.098021,
0.299473,0.226798,-0.424559,-0.758193,-0.341539,-0.429340,-0.611720,0.197207,-0.354784,-0.031108,
-0.312605,0.981832,-0.531686,-0.731983,-0.777060,-0.275899,-0.297710,0.597663,0.151420,-0.576592,
0.793544,-0.289248,0.001775,-0.685703,-0.666348,0.136431,0.457032,0.623904,0.332795,0.808744,
-0.831479,-0.806883,0.874108,0.332116,0.007062,0.749858,-0.764629,-0.916972,-0.995263,0.958889,
0.984509,-0.936261,0.076753,-0.915937,-0.166687,0.080540,-0.116362,-0.191949,-0.000751,-0.087241,
-0.384063,-0.906296,0.040873,-0.759154,-0.251652,0.451298,0.913375,0.020952,-0.506692,0.825840,
0.728298,-0.634952,0.933669,-0.033834,0.398787,-0.769124,-0.845477,-0.769701,-0.914410,0.589401,
-0.425201,-0.160965,0.946037,0.413178,0.595186,-0.285108,-0.000503,0.499087,0.266857,-0.539855,
0.834102,-0.246041,-0.866911,0.224489,0.373401,-0.941875,0.240476,0.560919,-0.203566,0.024192,
0.276958,-0.038303,0.553585,-0.974838,0.018490,-0.201030,-0.462548,0.190049,-0.136742,0.588470,
-0.305202,0.587922,-0.497014,-0.293444,0.545488,0.923712,-0.693259,-0.256128,0.694235,0.936912,
-0.897778,-0.259338,-0.632906,0.891186,-0.993462,-0.622944,-0.522900,-0.964448,-0.737471,0.698272,
-0.797266,0.622588,-0.418778,-0.051660,0.866982,-0.115930,-0.155418,-0.598825,-0.926582,-0.050918,
0.669460,-0.986764,0.721507,0.956762,0.302032,0.671670,-0.139555,-0.309713,0.373472,-0.708177,
-0.680316,0.122454,-0.505935,0.493451,-0.267825,-0.022791,0.414786,0.365330,0.059503,0.475076,
0.222659,0.823550,-0.906471,0.686593,-0.818223,-0.926771,-0.306390,-0.923896,0.926832,-0.164722,
0.047967,-0.295716,0.100478,0.904678,0.690077,-0.304612,-0.134046,0.759200,-0.421477,-0.895715,
0.331888,0.887563,0.283173,0.386512,-0.507651,-0.605258,0.757730,0.043700,0.619098,-0.207750,
0.853336,0.196465,-0.215937,0.797637,-0.212855,-0.722348,0.043735,0.016853,0.116968,0.546449,
-0.605591,0.395458,-0.780291,-0.506726,0.254279,-0.592592,-0.827012,0.152413,0.190204,-0.170839,
0.080435,0.784554,0.330216,-0.090177,0.559502,-0.468354,-0.101791,-0.405179,-0.361266,0.991619,
-0.226223,-0.795534,0.748523,0.145129,-0.406508,-0.361586,0.057812,-0.839574,0.434113,0.555901,
-0.186877,0.114462,0.985016,0.941977,0.960698,-0.193090,-0.551293,0.592171,0.527162,-0.298042,
-0.691586,-0.731351,-0.081725,-0.857715,0.558553,-0.605788,-0.596277,0.144589,0.076542,-0.015123,
0.448017,0.067674,-0.638942,0.357272,0.269440,-0.054138,-0.217926,-0.383527,0.306272,-0.665302,
0.968979,0.479806,0.736160,-0.961181,0.231312,-0.085666,-0.770098,-0.850663,0.310282,0.901538,
-0.509928,0.650803,0.759336,0.288598,-0.528867,0.336576,0.628751,0.882789,0.848271,-0.490449,
0.817589,-0.202893,-0.319700,0.937332,-0.270479,0.771430,-0.692192,-0.290537,0.324849,-0.881737,
-0.980695,-0.845975,0.306184,-0.470886,0.763629,0.220173,-0.636242,-0.843163,-0.214369,0.781661,
-0.121625,0.399092,-0.619307,0.962249,-0.057888,-0.480435,-0.135941,0.147798,0.530410,0.941314,
0.076088,0.463152,0.060099,0.555925,0.521968,-0.509733,0.461535,-0.093350,-0.022107,-0.101413,
-0.581110,0.435849,0.266576,-0.419357,-0.025913,-0.597671,-0.552700,-0.521579,-0.066993,-0.740528,
-0.593186,0.669050,0.189785,0.715149,-0.444546,0.393637,-0.503472,0.316978,-0.789978,-0.872600,
0.491424,0.408540,0.129247,-0.959968,-0.718176,0.856899,0.380868,0.947777,0.966287,-0.628208,
-0.936067,-0.544363,0.125925,-0.136468,-0.573390,0.746138,0.338712,-0.962894,0.319624,0.470042,
0.112175,-0.729344,0.949083,0.640048,-0.842825,0.225260,0.932599,0.248572,0.202244,0.306276,
-0.479608,0.278849,0.409074,-0.724818,0.255210,-0.413671,-0.177013,0.431878,0.363903,-0.405716,
-0.010245,-0.455808,-0.267833,-0.769501,-0.850132,-0.007470,-0.096287,-0.117602,0.375509,0.604412,
-0.400333,0.680640,0.974424,-0.536937,-0.441992,0.210007,-0.305836,-0.013693,-0.768392,0.211278,
-0.932776,-0.098863,-0.854781,0.948905,0.012647,-0.627652,0.045457,-0.565453,0.104353,0.408873,
-0.438789,0.348790,-0.667284,0.966154,-0.592341,-0.668130,0.195992,0.663275,0.251931,-0.992586,
0.315264,-0.729550,0.428809,0.799009,0.178849,0.984322,0.936084,-0.153794,-0.906594,-0.150192,
-0.555937,-0.666350,0.656469,-0.658499,0.360658,-0.455593,-0.905828,0.764349,-0.804390,0.108310,
0.884538,0.099700,0.828070,-0.397335,-0.997898,0.567663,0.626656,0.988759,0.268643,-0.226112,
-0.325413,0.926275,0.943177,0.816363,0.282365,-0.461814,-0.248583,-0.534825,0.956181,0.106308,
0.980415,0.823387,0.734726,-0.103780,-0.225973,0.296073,-0.313569,0.450671,-0.487515,0.818952,
-0.810169,-0.961671,-0.804295,-0.172028,0.773272,-0.306091,0.962512,-0.362437,-0.137648,-0.764109,
-0.920020,-0.734439,-0.588797,0.573606,-0.282895,0.803522,0.666438,0.097269,0.907760,-0.500849,
0.853402,-0.389612,-0.675116,0.542519,-0.673368,0.956699,0.939615,0.537556,0.363533,0.765628,
-0.188174,0.675117,0.521689,-0.296668,0.549419,0.896319,0.890135,-0.462654,-0.076431,0.570774,
0.562544,0.442883,-0.615277,0.890600,-0.110043,0.559052,-0.860307,0.186631,-0.679401,-0.538772,
0.269869,0.958616,0.722132,-0.633995,-0.143176,-0.123873,-0.878115,-0.429470,-0.760556,0.158218,
0.721753,0.077361,-0.390021,0.490291,0.260419,0.795913,0.152453,-0.861227,-0.587997,-0.702066,
0.068714,0.581805,0.282170,0.912755,-0.594637,0.137884,0.800318,-0.915978,-0.684031,-0.507992,
-0.805093,-0.778527,0.163450,-0.109862,0.403759,0.058590,0.195441,-0.425965,-0.718550,0.222861,
-0.242818,-0.940098,0.091937,-0.276396,-0.524866,0.894256,-0.614166,-0.537421,0.813681,0.029487,
0.479467,-0.396302,-0.531028,-0.855728,0.904655,0.786673,-0.709961,-0.779213,-0.977236,0.489404,
0.740500,-0.959336,0.250568,0.606884,0.656291,0.675898,0.697871,-0.833179,-0.769602,-0.771692,
0.119072,0.025488,0.371282,0.019672,0.672886,-0.684236,0.595250,-0.148722,0.195931,0.380791,
-0.991378,0.973452,0.918446,0.772269,0.761459,0.649927,0.990898,0.095910,0.234053,-0.050933,
-0.887094,-0.352958,0.335361,-0.201505,0.479040,-0.617097,0.902501,0.186198,0.899595,0.688352,
-0.005136,-0.240944,-0.917534,0.606458,0.381386,0.824725,0.634667,-0.242225,0.427897,-0.902005,
0.576506,0.457858,0.921739,0.697794,-0.843084,0.107299,-0.514293,0.711189,0.466894,-0.502458,
-0.658956,-0.786476,0.132740,0.660293,-0.037777,-0.075057,0.722643,-0.227457,0.031742,0.434588,
0.198088,0.904545,-0.027926,0.092771,-0.054054,0.504154,0.835543,0.849652,-0.144946,0.773283,
-0.103147,-0.662347,0.011418,0.455410,-0.115522,-0.571088,-0.743504,0.728831,0.932218,0.779328,
-0.581086,0.732202,0.281557,0.871651,-0.010401,0.411481,0.497871,0.199830,-0.363408,0.314815,
0.328157,-0.833391,0.636503,-0.028605,-0.784690,-0.599774,0.484079,0.198792,-0.563372,0.825095,
-0.686077,0.375474,-0.924542,-0.086407,-0.535560,0.561611,-0.722014,0.730301,0.918038,-0.594231,
0.429691,-0.545829,0.704708,0.176856,-0.691186,0.597376,0.625865,-0.848554,0.900137,0.022373,
-0.186581,-0.363059,-0.542215,0.001675,-0.349823,0.537077,0.923601,0.457366,0.969870,0.755077,
-0.688531,-0.813121,-0.185994,0.621921,0.713251,0.797729,0.185812,-0.910270,-0.876819,0.612813,
0.410678,0.185619,0.174557,0.808845,0.419022,-0.095140,-0.984724,-0.228617,-0.964298,0.590451,
0.945358,0.088831,-0.501556,-0.935974,0.761940,0.282242,-0.514923,0.375339,-0.331257,0.524604,
0.950695,0.323240,-0.781600,-0.339417,-0.909995,-0.242195,-0.078579,-0.931707,-0.695989,-0.302535,
