493,125,485,12,26,239,369,46,448,490,318,347,28,3,404,472,181,25,136,4,235,402,486,459,274,465,72,475,461,397,65,362,13,379,309,14,446,356,433,149,150,489,173,453,60,267,135,344,62,128,
424,251,414,380,227,7,255,190,279,311,202,93,439,161,112,395,47,432,95,450,283,104,332,403,238,343,365,91,300,308,145,61,282,166,243,390,223,272,276,213,137,76,210,250,48,286,294,253,191,470,
231,193,281,174,15,201,391,291,211,425,257,127,16,248,49,133,229,258,361,363,8,264,107,418,387,77,327,265,320,408,410,124,92,78,152,322,20,175,1,477,63,287,50,476,220,306,108,165,355,370,
382,444,109,302,385,422,126,498,197,438,142,440,2,487,451,335,314,442,312,463,143,79,415,435,215,416,371,290,394,144,164,474,285,80,244,81,0,35,146,381,378,256,110,305,280,82,401,147,405,313,
409,111,337,29,242,412,338,23,83,224,205,24,495,64,232,17,167,406,182,206,30,357,113,249,168,336,51,66,420,304,169,345,183,261,377,36,207,31,364,208,293,170,114,269,384,324,37,67,84,221,
270,184,396,483,299,148,245,411,389,85,494,376,399,94,386,68,368,38,246,339,468,354,247,9,222,39,303,86,40,358,129,185,171,32,209,130,225,131,52,481,271,373,374,10,455,87,132,273,226,443,
349,41,471,458,96,186,187,151,295,53,488,69,499,352,464,296,188,340,212,252,54,297,298,97,484,426,254,466,478,321,115,134,434,301,21,55,323,480,275,449,172,153,56,88,277,189,57,89,360,400,
228,116,154,372,98,417,99,230,452,469,428,100,278,58,155,423,325,388,192,117,359,259,42,101,393,194,214,307,375,260,102,429,233,234,18,346,33,195,326,11,491,447,103,436,156,90,419,70,348,34,
328,262,329,71,330,421,118,460,157,236,331,310,19,492,333,479,196,59,22,334,43,441,73,350,237,263,216,284,119,351,383,158,198,74,138,120,217,430,445,407,159,431,139,199,200,160,218,121,5,140,
105,141,44,366,367,266,45,6,315,454,219,176,413,106,353,392,427,288,289,316,177,122,317,292,341,456,473,457,496,178,162,467,179,482,342,240,75,437,123,180,268,163,319,27,241,497,203,462,204,398,
